0 0.067500 0.228437 0.068750 0.093125
0 0.172813 0.225938 0.058125 0.100625
0 0.245312 0.225937 0.058125 0.098125
0 0.322500 0.222500 0.068750 0.093750
0 0.435625 0.222500 0.063750 0.088750
0 0.516875 0.220000 0.073750 0.093750
0 0.601250 0.215625 0.080000 0.090000
0 0.705000 0.212500 0.077500 0.093750
0 0.792500 0.208125 0.082500 0.097500
0 0.879687 0.209375 0.078125 0.100000
0 0.068125 0.448750 0.100000 0.160000
0 0.260937 0.446250 0.100625 0.155000
0 0.415625 0.446250 0.077500 0.160000
0 0.513750 0.446875 0.087500 0.163750
0 0.617500 0.446875 0.092500 0.163750
0 0.751875 0.441875 0.085000 0.161250
0 0.869063 0.442500 0.115625 0.162500