0 0.049688 0.211250 0.040625 0.155000
0 0.094688 0.251875 0.021875 0.147500
0 0.122188 0.289062 0.025625 0.123125
0 0.032188 0.437813 0.045625 0.160625
0 0.081563 0.462500 0.035625 0.142500
0 0.120313 0.485313 0.024375 0.134375
0 0.187188 0.381250 0.046875 0.058750
0 0.245312 0.377500 0.043125 0.061250
0 0.301563 0.372500 0.039375 0.053750
0 0.356250 0.369688 0.036250 0.050625
0 0.413438 0.365313 0.044375 0.049375
0 0.525625 0.352813 0.035000 0.054375
0 0.579063 0.349688 0.040625 0.058125
0 0.635938 0.343438 0.040625 0.055625
0 0.691875 0.337500 0.037500 0.055000
0 0.750938 0.334375 0.039375 0.053750
0 0.804688 0.328750 0.040625 0.055000
0 0.182188 0.477813 0.044375 0.058125
0 0.238438 0.474688 0.044375 0.054375
0 0.299687 0.470937 0.045625 0.059375
0 0.358125 0.465625 0.040000 0.057500
0 0.525938 0.453750 0.040625 0.063750
0 0.589063 0.447188 0.043125 0.060625
0 0.646563 0.442813 0.039375 0.061875
0 0.709688 0.440938 0.053125 0.060625
0 0.767188 0.434688 0.039375 0.065625
0 0.828438 0.427813 0.044375 0.059375
0 0.174688 0.587500 0.046875 0.065000
0 0.235937 0.581875 0.044375 0.066250
0 0.299063 0.575625 0.046875 0.061250
0 0.356563 0.572813 0.043125 0.058125
0 0.539688 0.559688 0.053125 0.064375
0 0.601562 0.555313 0.048125 0.063125
0 0.664687 0.550000 0.051875 0.061250
0 0.723437 0.542500 0.043125 0.063750
0 0.785937 0.540000 0.053125 0.063750
0 0.849687 0.535000 0.051875 0.071250
0 0.907813 0.532188 0.035625 0.058125
0 0.878438 0.425625 0.030625 0.061250
0 0.855625 0.324688 0.027500 0.051875
0 0.037187 0.711875 0.048125 0.072500
0 0.090312 0.707500 0.025625 0.073750
0 0.166563 0.701875 0.045625 0.072500
0 0.230313 0.697500 0.046875 0.071250
0 0.295312 0.690312 0.051875 0.069375
0 0.358125 0.686563 0.040000 0.071875
0 0.486250 0.676250 0.051250 0.070000
0 0.550313 0.674375 0.046875 0.068750
0 0.614375 0.670000 0.056250 0.075000
0 0.679688 0.663125 0.051875 0.076250
0 0.744063 0.659375 0.050625 0.081250
0 0.807813 0.653125 0.051875 0.076250
0 0.877812 0.650313 0.056875 0.070625
0 0.929688 0.649062 0.036875 0.070625
0 0.889688 0.190312 0.058125 0.113125
0 0.949687 0.380312 0.055625 0.119375