0 0.063125 0.231562 0.050000 0.101875
0 0.130312 0.232187 0.051875 0.098125
0 0.241563 0.229687 0.055625 0.103125
0 0.314375 0.229687 0.055000 0.105625
0 0.383438 0.232813 0.050625 0.104375
0 0.483750 0.225938 0.061250 0.100625
0 0.554688 0.224688 0.055625 0.100625
0 0.624688 0.224688 0.060625 0.103125
0 0.718438 0.223438 0.065625 0.103125
0 0.794063 0.220938 0.061875 0.103125
0 0.869688 0.218750 0.060625 0.101250
0 0.199375 0.453750 0.073750 0.147500
0 0.282500 0.452500 0.070000 0.142500
0 0.362500 0.451250 0.075000 0.145000
0 0.483750 0.448750 0.073750 0.145000
0 0.566250 0.447188 0.073750 0.141875
0 0.646250 0.448750 0.073750 0.145000
0 0.768125 0.447188 0.091250 0.141875
0 0.927188 0.442812 0.103125 0.135625