0 0.311563 0.169375 0.041875 0.078750
0 0.402813 0.213125 0.038125 0.080000
0 0.466563 0.245000 0.034375 0.085000
0 0.504687 0.264375 0.029375 0.073750
0 0.539062 0.286250 0.029375 0.073750
0 0.580938 0.302500 0.029375 0.066250
0 0.610625 0.325000 0.022500 0.072500
0 0.642500 0.335625 0.025000 0.061250
0 0.354063 0.185625 0.035625 0.086250
0 0.047188 0.224062 0.075625 0.131875
0 0.132812 0.250625 0.069375 0.135000
0 0.213438 0.279687 0.065625 0.131875
0 0.308438 0.319062 0.040625 0.111875
0 0.365938 0.340625 0.045625 0.108750
0 0.416563 0.361875 0.035625 0.095000
0 0.477813 0.386875 0.036875 0.090000
0 0.516563 0.400625 0.028125 0.088750
0 0.554688 0.416250 0.038125 0.090000
0 0.598437 0.432500 0.026875 0.075000
0 0.632812 0.443438 0.024375 0.070625
0 0.664687 0.459375 0.026875 0.077500
0 0.736250 0.461875 0.025000 0.070000
0 0.785313 0.473438 0.024375 0.069375
0 0.815625 0.480938 0.021250 0.076875
0 0.850625 0.486250 0.020000 0.075000
0 0.887813 0.494375 0.024375 0.061250
0 0.928438 0.505625 0.031875 0.066250
0 0.095625 0.483125 0.088750 0.165000
0 0.192500 0.500000 0.067500 0.163750
0 0.310000 0.524688 0.073750 0.139375
0 0.422813 0.546875 0.058125 0.136250
0 0.492812 0.563438 0.035625 0.120625
0 0.535937 0.570312 0.040625 0.114375
0 0.583437 0.574062 0.041875 0.114375
0 0.634062 0.586875 0.031875 0.096250
0 0.671563 0.597813 0.033125 0.098125
0 0.773750 0.610625 0.045000 0.077500
0 0.836563 0.618125 0.023125 0.075000
0 0.882188 0.620625 0.045625 0.072500