0 0.143750 0.285312 0.061250 0.123125
0 0.228125 0.292500 0.060000 0.116250
0 0.312500 0.301563 0.061250 0.116875
0 0.390313 0.308438 0.056875 0.115625
0 0.461562 0.312188 0.056875 0.108125
0 0.532500 0.321875 0.065000 0.101250
0 0.599688 0.329375 0.044375 0.096250
0 0.687500 0.336250 0.062500 0.092500
0 0.749688 0.339375 0.036875 0.093750
0 0.804063 0.345625 0.039375 0.091250
0 0.862188 0.354063 0.040625 0.095625
0 0.921562 0.357187 0.043125 0.091875
0 0.974063 0.362500 0.034375 0.091250
0 0.071250 0.522188 0.086250 0.159375
0 0.186250 0.520312 0.112500 0.153125
0 0.298750 0.525938 0.081250 0.154375
0 0.390000 0.531875 0.078750 0.153750
0 0.477500 0.530312 0.078750 0.135625
0 0.568750 0.530938 0.081250 0.134375
0 0.647500 0.532813 0.051250 0.135625
0 0.735313 0.533438 0.040625 0.129375
0 0.796563 0.537187 0.059375 0.129375
0 0.867188 0.540625 0.055625 0.117500
0 0.950000 0.541250 0.085000 0.111250