0 0.080313 0.325313 0.099375 0.111875
0 0.220938 0.326250 0.060625 0.100000
0 0.304375 0.330000 0.082500 0.107500
0 0.397500 0.333125 0.078750 0.101250
0 0.488125 0.335625 0.072500 0.101250
0 0.571875 0.335000 0.072500 0.092500
0 0.655000 0.336875 0.066250 0.098750
0 0.737500 0.338750 0.068750 0.095000
0 0.849687 0.343750 0.049375 0.097500
0 0.928750 0.340625 0.082500 0.086250
0 0.107500 0.562188 0.097500 0.176875
0 0.239063 0.564063 0.116875 0.173125
0 0.370938 0.565938 0.114375 0.179375
0 0.497813 0.564688 0.119375 0.179375
0 0.619375 0.562812 0.096250 0.161875
0 0.738750 0.564063 0.111250 0.173125
0 0.868437 0.564375 0.124375 0.165000