0 0.102813 0.458438 0.020625 0.058750
0 0.138438 0.452813 0.028125 0.062500
0 0.248125 0.441563 0.025000 0.063750
0 0.280625 0.439688 0.016250 0.065000
0 0.322813 0.431563 0.021875 0.063750
0 0.357188 0.429688 0.021875 0.065000
0 0.390938 0.429063 0.025625 0.066250
0 0.160938 0.566563 0.021875 0.056250
0 0.134063 0.568438 0.019375 0.055000
0 0.253437 0.565938 0.025625 0.072500
0 0.099687 0.566563 0.021875 0.051250
0 0.282500 0.565938 0.022500 0.067500
0 0.327188 0.560937 0.030625 0.065000
0 0.355000 0.562813 0.015000 0.073750
0 0.390938 0.563438 0.025625 0.070000
0 0.556875 0.541875 0.042500 0.088125
0 0.623125 0.539687 0.067500 0.088750
0 0.689375 0.539375 0.042500 0.100625
0 0.772813 0.530625 0.055625 0.106875
0 0.834062 0.532813 0.035625 0.111250
0 0.565938 0.723125 0.051875 0.094375
0 0.633750 0.730625 0.056250 0.094375
0 0.696875 0.740625 0.047500 0.103125
0 0.786250 0.748750 0.060000 0.106875