0 0.043438 0.339688 0.023125 0.119375
0 0.084063 0.377500 0.028125 0.103750
0 0.165313 0.459375 0.035625 0.067500
0 0.030937 0.552188 0.035625 0.125625
0 0.195625 0.648750 0.017500 0.082500
0 0.222500 0.662500 0.015000 0.082500
0 0.456563 0.552813 0.036875 0.038125
0 0.504687 0.550313 0.026875 0.038125
0 0.544687 0.549063 0.025625 0.048125
0 0.584063 0.545938 0.025625 0.044375
0 0.625313 0.541250 0.031875 0.046250
0 0.667188 0.539062 0.029375 0.039375
0 0.280000 0.630938 0.023750 0.044375
0 0.327813 0.627813 0.038125 0.045625
0 0.374063 0.630313 0.029375 0.043125
0 0.499688 0.624062 0.034375 0.041875
0 0.547188 0.622500 0.030625 0.035000
0 0.592187 0.621563 0.031875 0.044375
0 0.633438 0.624375 0.028125 0.050000
0 0.680313 0.616563 0.038125 0.036875
0 0.273125 0.717187 0.032500 0.054375
0 0.320000 0.718438 0.030000 0.056875
0 0.367812 0.715313 0.039375 0.045625
0 0.451562 0.711875 0.034375 0.052500
0 0.503438 0.708750 0.044375 0.040000
0 0.554063 0.708750 0.034375 0.046250
0 0.597813 0.703438 0.035625 0.045625
0 0.645937 0.700937 0.035625 0.050625
0 0.691875 0.703438 0.032500 0.048125
0 0.068125 0.818437 0.031250 0.059375
0 0.169688 0.811562 0.034375 0.058125
0 0.263438 0.808438 0.029375 0.056875
0 0.314375 0.807188 0.033750 0.061875
0 0.363438 0.808438 0.033125 0.061875
0 0.457813 0.802188 0.039375 0.061875
0 0.509688 0.800313 0.031875 0.055625
0 0.557813 0.800000 0.034375 0.061250
0 0.607500 0.800000 0.036250 0.061250
0 0.657813 0.796875 0.033125 0.062500
0 0.706563 0.796250 0.041875 0.058750
0 0.743438 0.429375 0.026875 0.073750
0 0.773125 0.363125 0.027500 0.072500
0 0.790312 0.323125 0.026875 0.068750
0 0.858125 0.222500 0.027500 0.088750
0 0.919063 0.438438 0.035625 0.126875
0 0.954063 0.391875 0.056875 0.171250
0 0.847188 0.513437 0.036875 0.111875