0 0.269063 0.475625 0.080000 0.105000
0 0.344375 0.478125 0.040625 0.100000
0 0.431250 0.483125 0.045625 0.113750
0 0.490625 0.477187 0.041875 0.104375
0 0.559063 0.481250 0.057500 0.106250
0 0.641250 0.480625 0.055625 0.105000
0 0.709063 0.482812 0.042500 0.103125
0 0.210000 0.681875 0.035625 0.105000
0 0.255625 0.686250 0.035625 0.106250
0 0.302813 0.681875 0.025000 0.101250
0 0.346250 0.686875 0.030625 0.101250
0 0.427187 0.691875 0.057500 0.105000
0 0.482188 0.691250 0.032500 0.110000
0 0.534688 0.691250 0.038750 0.100000
0 0.583125 0.697188 0.030625 0.101875
0 0.638750 0.695312 0.046875 0.098125
0 0.703125 0.698750 0.040625 0.105000