0 0.250938 0.185938 0.069375 0.116875
0 0.340938 0.188438 0.074375 0.121875
0 0.427813 0.193438 0.068125 0.121875
0 0.509688 0.198437 0.069375 0.121875
0 0.592187 0.204062 0.071875 0.123125
0 0.670312 0.208750 0.058125 0.121250
0 0.750938 0.211250 0.071875 0.116250
0 0.842187 0.218438 0.064375 0.120625
0 0.922188 0.218438 0.069375 0.108125
0 0.195000 0.429375 0.077500 0.160000
0 0.303437 0.431250 0.099375 0.158750
0 0.413125 0.430000 0.092500 0.156250
0 0.517500 0.436562 0.090000 0.158125
0 0.616250 0.440937 0.097500 0.156875
0 0.723125 0.442188 0.090000 0.151875
0 0.814375 0.443750 0.067500 0.155000
0 0.950000 0.447500 0.097500 0.152500