0 0.303750 0.516875 0.308125 0.655000
0 0.677813 0.510000 0.396250 0.708750
0 0.226875 0.719063 0.035625 0.088125
0 0.268125 0.720625 0.030625 0.081250
0 0.224375 0.573750 0.030625 0.071250
0 0.266562 0.570937 0.030000 0.073125
0 0.311562 0.569063 0.028750 0.069375
0 0.232813 0.433437 0.033750 0.064375
0 0.272500 0.432500 0.031875 0.066250
0 0.314063 0.428125 0.033750 0.053750
0 0.393437 0.543125 0.030000 0.085000
0 0.428125 0.545625 0.021875 0.082500
0 0.560937 0.538750 0.057500 0.096250
0 0.631250 0.540625 0.045625 0.100000
0 0.707188 0.533125 0.052500 0.105000
0 0.770938 0.532813 0.043750 0.108125
0 0.838438 0.533125 0.051250 0.105000
0 0.393437 0.730000 0.023750 0.086250
0 0.429063 0.735938 0.020000 0.088125
0 0.569375 0.744375 0.068125 0.101250
0 0.643125 0.746250 0.045625 0.101250
0 0.721562 0.743750 0.047500 0.100000
0 0.790313 0.750625 0.038750 0.100000
0 0.845000 0.756250 0.040625 0.105000