0 0.072813 0.185938 0.035625 0.106875
0 0.102813 0.217188 0.033125 0.135625
0 0.139063 0.243438 0.024375 0.123125
0 0.209063 0.330625 0.039375 0.058750
0 0.262813 0.331250 0.035625 0.065000
0 0.320937 0.327500 0.034375 0.060000
0 0.366250 0.327500 0.021250 0.057500
0 0.427187 0.322813 0.036875 0.055625
0 0.483750 0.319688 0.043750 0.054375
0 0.537813 0.318438 0.039375 0.054375
0 0.593438 0.313437 0.046875 0.054375
0 0.652813 0.310937 0.045625 0.051875
0 0.709063 0.308438 0.041875 0.049375
0 0.771250 0.304063 0.050000 0.058125
0 0.831563 0.300938 0.048125 0.051875
0 0.203438 0.424687 0.045625 0.053125
0 0.259687 0.423438 0.036875 0.053125
0 0.312188 0.424687 0.040625 0.055625
0 0.423438 0.418750 0.041875 0.057500
0 0.475938 0.414375 0.040625 0.056250
0 0.535937 0.411875 0.048125 0.061250
0 0.595938 0.410625 0.044375 0.066250
0 0.654687 0.413125 0.046875 0.056250
0 0.717187 0.407188 0.048125 0.059375
0 0.779687 0.406563 0.048125 0.058125
0 0.842813 0.401562 0.045625 0.063125
0 0.192500 0.525313 0.038750 0.056875
0 0.249063 0.523438 0.038125 0.060625
0 0.306563 0.523438 0.039375 0.060625
0 0.421563 0.520937 0.035625 0.058125
0 0.479687 0.519688 0.043125 0.055625
0 0.539688 0.522188 0.043125 0.060625
0 0.599688 0.517813 0.046875 0.059375
0 0.660313 0.519062 0.048125 0.061875
0 0.724688 0.517188 0.048125 0.060625
0 0.789062 0.512813 0.051875 0.061875
0 0.855625 0.510625 0.051250 0.066250
0 0.065625 0.630625 0.045000 0.070000
0 0.179063 0.633125 0.040625 0.070000
0 0.243438 0.630625 0.044375 0.062500
0 0.478438 0.631875 0.043125 0.075000
0 0.540313 0.631875 0.051875 0.075000
0 0.604063 0.630625 0.048125 0.077500
0 0.666563 0.629375 0.048125 0.077500
0 0.734375 0.629375 0.057500 0.080000
0 0.800313 0.631250 0.051875 0.078750
0 0.868438 0.633750 0.053125 0.086250
0 0.889687 0.165625 0.040625 0.076250
0 0.910313 0.364688 0.035625 0.124375
0 0.950313 0.331563 0.034375 0.126875
0 0.048438 0.388438 0.030625 0.138125
0 0.090938 0.407813 0.026875 0.116875
0 0.126562 0.434688 0.021875 0.116875