0 0.046562 0.193437 0.031875 0.131875
0 0.088438 0.234063 0.024375 0.141875
0 0.121875 0.259687 0.012500 0.121875
0 0.186563 0.333750 0.035625 0.052500
0 0.239688 0.332500 0.031875 0.055000
0 0.292187 0.335000 0.030625 0.057500
0 0.031563 0.392188 0.029375 0.140625
0 0.073750 0.417500 0.025000 0.120000
0 0.105000 0.442188 0.026250 0.109375
0 0.342813 0.331250 0.038125 0.047500
0 0.452813 0.331875 0.036875 0.051250
0 0.512188 0.330625 0.034375 0.051250
0 0.563438 0.325938 0.040625 0.049375
0 0.617813 0.328750 0.044375 0.055000
0 0.675313 0.326562 0.043125 0.053125
0 0.729063 0.323437 0.039375 0.054375
0 0.784062 0.321563 0.039375 0.058125
0 0.176563 0.428438 0.038125 0.053125
0 0.230938 0.429688 0.040625 0.055625
0 0.285313 0.427813 0.039375 0.054375
0 0.397188 0.425313 0.038125 0.054375
0 0.452187 0.424062 0.038125 0.054375
0 0.509062 0.423438 0.043125 0.050625
0 0.564375 0.423438 0.036250 0.053125
0 0.620938 0.424687 0.043125 0.055625
0 0.679688 0.424687 0.049375 0.055625
0 0.739688 0.423750 0.044375 0.060000
0 0.792813 0.421250 0.036875 0.060000
0 0.164688 0.525938 0.039375 0.060625
0 0.222187 0.526563 0.038125 0.064375
0 0.279687 0.528438 0.045625 0.060625
0 0.391563 0.524688 0.034375 0.058125
0 0.447813 0.526563 0.039375 0.051875
0 0.505938 0.525313 0.041875 0.059375
0 0.565625 0.526563 0.038750 0.054375
0 0.622812 0.524062 0.041875 0.061875
0 0.685312 0.527813 0.045625 0.061875
0 0.746563 0.525313 0.048125 0.054375
0 0.802812 0.522813 0.039375 0.056875
0 0.035313 0.630000 0.036875 0.071250
0 0.151875 0.631875 0.036250 0.075000
0 0.209063 0.633750 0.044375 0.066250
0 0.266563 0.628750 0.043125 0.068750
0 0.385313 0.630000 0.044375 0.066250
0 0.449688 0.632500 0.043125 0.076250
0 0.508437 0.631875 0.041875 0.077500
0 0.570312 0.634375 0.048125 0.075000
0 0.630313 0.634375 0.046875 0.070000
0 0.691250 0.636250 0.050000 0.073750
0 0.757188 0.636875 0.049375 0.072500
0 0.814688 0.638750 0.040625 0.073750
0 0.820000 0.199375 0.020000 0.095000
0 0.854375 0.165625 0.027500 0.081250
0 0.842813 0.387188 0.025625 0.103125
0 0.879063 0.370312 0.031875 0.133125